$ANSIBLE_VAULT;1.1;AES256
35623838666539353932636132653135336639653236626131353530333761303064633266366166
3364656337653436613133366530613531353233626232390a383364396639363838343133306439
35343133633333386337656662636330616431316633323464633236313833353033633438383163
3165303733636237620a343238616162636235616666333538643464376431636230653237663331
66373062613234613435326639366532333039663363623531666563353533386432313161393961
31346139666638333237353434653030346131303131303461313866393837663634626532336537
35383933313762363062386638633834626239333361363131303261393232386635353732303539
32323336616439366331316165303962396534336536393634353138356431636630653362346461
30396536663836383834353136613463633566343837366364616662663039633631666332666364
66363039316331303632393531303634333035303662613661663737396130393737393064396537
65393231323537636664613432646236383636303937656465346361356338343835343533316261
63643131636461666265
